********************************************************************************
STREME - Sensitive, Thorough, Rapid, Enriched Motif Elicitation
********************************************************************************
MEME version 5.5.3 (Release date: Sat Jun 10 16:19:38 2023 -0700)

For further information on how to interpret these results please access http://localhost:8080/meme_5.5.3.
To get a copy of the MEME Suite software please access https://meme-suite.org.

********************************************************************************


********************************************************************************
REFERENCE
********************************************************************************
If you use this program in your research, please cite:

Timothy L. Bailey,
"STREME: accurate and versatile sequence motif discovery",
Bioinformatics, Mar. 24, 2021.
********************************************************************************


ALPHABET= ACGT

strands: + -

Background letter frequencies
A 0.293 C 0.207 G 0.207 T 0.293 

MOTIF 1-SGGTCATCAAAWWW STREME-1
letter-probability matrix: alength= 4 w= 14 nsites= 228 E= 3.8e-005
 0.009824 0.560646 0.371582 0.057947
 0.014637 0.004954 0.975395 0.005013
 0.019444 0.024196 0.936917 0.019444
 0.000203 0.000144 0.000144 0.999509
 0.009823 0.989830 0.000144 0.000203
 0.975456 0.004954 0.000144 0.019446
 0.005013 0.004954 0.000144 0.989889
 0.000203 0.970589 0.004954 0.024254
 0.994699 0.000144 0.000144 0.005013
 0.989889 0.000144 0.009764 0.000203
 0.965838 0.000144 0.004954 0.029064
 0.520927 0.009764 0.000144 0.469165
 0.599193 0.014574 0.000144 0.386089
 0.613623 0.000144 0.009765 0.376468

MOTIF 2-TAAATGA STREME-2
letter-probability matrix: alength= 4 w= 7 nsites= 228 E= 8.3e-004
 0.026609 0.018845 0.018845 0.935700
 0.935700 0.018845 0.018845 0.026609
 0.935700 0.018845 0.018845 0.026609
 0.935700 0.018845 0.018845 0.026609
 0.026609 0.018845 0.018845 0.935700
 0.026609 0.018845 0.927936 0.026609
 0.935700 0.018845 0.018845 0.026609

MOTIF 3-AATTTGGAAAAAC STREME-3
letter-probability matrix: alength= 4 w= 13 nsites= 130 E= 9.0e-004
 0.990398 0.000261 0.000261 0.009080
 0.972972 0.000261 0.017687 0.009080
 0.009080 0.008973 0.000261 0.981686
 0.026510 0.000261 0.017687 0.955542
 0.000368 0.000261 0.000261 0.999111
 0.009080 0.000261 0.972864 0.017794
 0.017794 0.000261 0.981577 0.000368
 0.999111 0.000261 0.000261 0.000368
 0.981684 0.000261 0.000261 0.017794
 0.999111 0.000261 0.000261 0.000368
 0.981684 0.000261 0.000261 0.017794
 0.964252 0.035120 0.000261 0.000368
 0.000368 0.972864 0.008973 0.017794

MOTIF 4-CGTAATAAAATTTCC STREME-4
letter-probability matrix: alength= 4 w= 15 nsites= 128 E= 1.8e-003
 0.000372 0.954944 0.000263 0.044421
 0.026804 0.000263 0.972561 0.000372
 0.000372 0.009073 0.009073 0.981483
 0.972674 0.009073 0.009073 0.009181
 0.972672 0.000263 0.026692 0.000372
 0.009181 0.017883 0.017883 0.955052
 0.813907 0.000263 0.000263 0.185566
 0.972672 0.026692 0.000263 0.000372
 0.981483 0.000263 0.000263 0.017990
 0.999101 0.000263 0.000263 0.000372
 0.017992 0.009073 0.000263 0.972672
 0.009181 0.000263 0.009073 0.981483
 0.000372 0.017883 0.000263 0.981481
 0.017992 0.946136 0.026691 0.009181
 0.000372 0.998993 0.000263 0.000372

MOTIF 5-GAACACAGTTTGAT STREME-5
letter-probability matrix: alength= 4 w= 14 nsites= 125 E= 3.7e-003
 0.009510 0.009398 0.980706 0.000385
 0.989944 0.009398 0.000273 0.000385
 0.944316 0.027649 0.000273 0.027762
 0.000385 0.980706 0.009398 0.009510
 0.971692 0.018524 0.000273 0.009510
 0.000385 0.998956 0.000273 0.000385
 0.980817 0.000273 0.000273 0.018637
 0.009510 0.000273 0.944197 0.046020
 0.000385 0.018523 0.009398 0.971694
 0.000385 0.000273 0.009398 0.989944
 0.000385 0.000273 0.000273 0.999069
 0.073396 0.036778 0.843811 0.046015
 0.962569 0.009398 0.000273 0.027760
 0.009510 0.000273 0.000273 0.989944

MOTIF 6-GTTGTGGCAAAA STREME-6
letter-probability matrix: alength= 4 w= 12 nsites= 132 E= 7.5e-003
 0.000364 0.000258 0.999014 0.000364
 0.000364 0.008883 0.000258 0.990495
 0.008989 0.000258 0.000258 0.990495
 0.000364 0.000258 0.999014 0.000364
 0.000364 0.017509 0.000258 0.981869
 0.008989 0.000258 0.973138 0.017615
 0.008989 0.000258 0.981764 0.008989
 0.000364 0.999014 0.000258 0.000364
 0.981869 0.000258 0.017509 0.000364
 0.964613 0.000258 0.034765 0.000364
 0.999120 0.000258 0.000258 0.000364
 0.981869 0.000258 0.017509 0.000364

MOTIF 7-GATATTTACAAACGA STREME-7
letter-probability matrix: alength= 4 w= 15 nsites= 126 E= 7.5e-003
 0.008835 0.000254 0.990554 0.000358
 0.999135 0.000254 0.000254 0.000358
 0.000358 0.000254 0.008730 0.990658
 0.987141 0.000254 0.008730 0.003876
 0.000358 0.000254 0.025685 0.973704
 0.000358 0.000254 0.000254 0.999135
 0.000358 0.000254 0.000254 0.999135
 0.990658 0.000254 0.000254 0.008835
 0.017313 0.948167 0.034163 0.000358
 0.956751 0.008730 0.000254 0.034266
 0.973704 0.000254 0.025685 0.000358
 0.990658 0.000254 0.000254 0.008835
 0.008835 0.939689 0.008730 0.042747
 0.034267 0.102037 0.863338 0.000358
 0.834481 0.008730 0.156431 0.000358

MOTIF 8-GAAATTAAWTTTT STREME-8
letter-probability matrix: alength= 4 w= 13 nsites= 169 E= 1.1e-002
 0.000285 0.000202 0.972265 0.027249
 0.999312 0.000202 0.000202 0.000285
 0.985832 0.000202 0.000202 0.013765
 0.992573 0.000202 0.006941 0.000285
 0.000285 0.000202 0.000202 0.999312
 0.000285 0.000202 0.000202 0.999312
 0.999312 0.000202 0.000202 0.000285
 0.945365 0.054149 0.000202 0.000285
 0.555415 0.006942 0.003571 0.434072
 0.000285 0.006941 0.006941 0.985833
 0.000285 0.006941 0.027163 0.965612
 0.000285 0.000202 0.013682 0.985832
 0.000285 0.040655 0.000202 0.958859

MOTIF 9-ACTCGGTCCCGTACT STREME-9
letter-probability matrix: alength= 4 w= 15 nsites= 164 E= 1.5e-002
 0.999316 0.000200 0.000200 0.000283
 0.027107 0.972410 0.000200 0.000283
 0.000283 0.006899 0.000200 0.992618
 0.000283 0.992533 0.000200 0.006983
 0.006984 0.000200 0.992533 0.000283
 0.013685 0.000200 0.979130 0.006984
 0.000283 0.000200 0.000200 0.999316
 0.000283 0.965681 0.013598 0.020438
 0.013686 0.952331 0.006899 0.027085
 0.000283 0.992535 0.000200 0.006982
 0.000283 0.000200 0.979134 0.020383
 0.000283 0.000200 0.000200 0.999316
 0.959111 0.006901 0.000200 0.033788
 0.000283 0.999234 0.000200 0.000283
 0.000283 0.000200 0.000200 0.999316

MOTIF 10-ATAATTGTCTGAAT STREME-10
letter-probability matrix: alength= 4 w= 14 nsites= 141 E= 1.5e-002
 0.976773 0.000224 0.015199 0.007804
 0.045261 0.000224 0.000224 0.954291
 0.999236 0.000224 0.000224 0.000316
 0.976773 0.000224 0.015199 0.007804
 0.037757 0.007712 0.000224 0.954308
 0.045246 0.000224 0.000224 0.954306
 0.030268 0.007712 0.939238 0.022783
 0.007804 0.067648 0.000224 0.924324
 0.000316 0.999144 0.000224 0.000316
 0.255146 0.007712 0.000224 0.736918
 0.097693 0.007712 0.871816 0.022779
 0.976772 0.022688 0.000224 0.000316
 0.991748 0.007712 0.000224 0.000316
 0.000316 0.000224 0.000224 0.999236

MOTIF 11-ATAACTTGGCTAAA STREME-11
letter-probability matrix: alength= 4 w= 14 nsites= 128 E= 1.5e-002
 0.973400 0.008832 0.008832 0.008937
 0.000362 0.000256 0.008832 0.990550
 0.973398 0.000256 0.000256 0.026089
 0.956245 0.000256 0.034561 0.008937
 0.008937 0.990444 0.000256 0.000362
 0.034667 0.017408 0.000256 0.947669
 0.000362 0.017408 0.000256 0.981973
 0.026089 0.008832 0.947568 0.017512
 0.008937 0.000256 0.981869 0.008937
 0.034671 0.870352 0.017409 0.077568
 0.000362 0.017408 0.008832 0.973398
 0.990550 0.000256 0.008832 0.000362
 0.990550 0.000256 0.008832 0.000362
 0.981975 0.017407 0.000256 0.000362

MOTIF 12-GCAAAATATGGCCAA STREME-12
letter-probability matrix: alength= 4 w= 15 nsites= 107 E= 1.5e-002
 0.055275 0.000274 0.925768 0.018683
 0.000386 0.953215 0.009421 0.036978
 0.889242 0.091803 0.018568 0.000386
 0.971624 0.009421 0.009421 0.009534
 0.935033 0.018568 0.000274 0.046125
 0.935028 0.009421 0.055164 0.000386
 0.018681 0.018568 0.027716 0.935035
 0.962477 0.000274 0.009421 0.027829
 0.055280 0.000274 0.000274 0.944173
 0.009534 0.027716 0.889176 0.073575
 0.018681 0.018568 0.870876 0.091874
 0.009534 0.934920 0.018568 0.036978
 0.064424 0.870884 0.046011 0.018681
 0.843560 0.146632 0.009421 0.000386
 0.971624 0.009421 0.000274 0.018681

MOTIF 13-ACATTCCAT STREME-13
letter-probability matrix: alength= 4 w= 9 nsites= 107 E= 1.5e-002
 0.935700 0.018845 0.018845 0.026609
 0.026609 0.927936 0.018845 0.026609
 0.935700 0.018845 0.018845 0.026609
 0.026609 0.018845 0.018845 0.935700
 0.026609 0.018845 0.018845 0.935700
 0.026609 0.927936 0.018845 0.026609
 0.026609 0.927936 0.018845 0.026609
 0.935700 0.018845 0.018845 0.026609
 0.026609 0.018845 0.018845 0.935700

MOTIF 14-ATAGATGTAAG STREME-14
letter-probability matrix: alength= 4 w= 11 nsites= 125 E= 3.1e-002
 0.999110 0.000261 0.000261 0.000368
 0.000368 0.008983 0.000261 0.990388
 0.990388 0.000261 0.000261 0.009091
 0.000368 0.000261 0.999002 0.000368
 0.999110 0.000261 0.000261 0.000368
 0.000368 0.008983 0.008983 0.981665
 0.061455 0.008983 0.929194 0.000368
 0.000368 0.043887 0.008983 0.946762
 0.981665 0.008983 0.008983 0.000368
 0.833212 0.166159 0.000261 0.000368
 0.000368 0.008983 0.981558 0.009091

MOTIF 15-AAAAATGCGAAA STREME-15
letter-probability matrix: alength= 4 w= 12 nsites= 120 E= 3.1e-002
 0.917610 0.000271 0.063640 0.018480
 0.990029 0.000271 0.009319 0.000382
 0.990029 0.009319 0.000271 0.000382
 0.990029 0.009319 0.000271 0.000382
 0.990029 0.000271 0.009319 0.000382
 0.000382 0.000271 0.000271 0.999077
 0.081870 0.027420 0.890328 0.000382
 0.018480 0.926556 0.000271 0.054694
 0.000382 0.000271 0.971816 0.027531
 0.935726 0.000271 0.036472 0.027531
 0.990029 0.009319 0.000271 0.000382
 0.999077 0.000271 0.000271 0.000382

MOTIF 16-AATGGTCAC STREME-16
letter-probability matrix: alength= 4 w= 9 nsites= 107 E= 6.2e-002
 0.970843 0.014286 0.014286 0.000586
 0.998585 0.000415 0.000415 0.000586
 0.000586 0.000415 0.000415 0.998585
 0.000586 0.000415 0.789268 0.209731
 0.000586 0.000415 0.998414 0.000586
 0.000586 0.000415 0.000415 0.998585
 0.000586 0.998414 0.000415 0.000586
 0.998585 0.000415 0.000415 0.000586
 0.000586 0.998414 0.000415 0.000586

MOTIF 17-CATACCTCACTGAGC STREME-17
letter-probability matrix: alength= 4 w= 15 nsites= 134 E= 1.0e-001
 0.009026 0.964366 0.000259 0.026350
 0.964474 0.017580 0.017580 0.000366
 0.000366 0.008919 0.008919 0.981796
 0.990456 0.000259 0.008919 0.000366
 0.009026 0.938381 0.017579 0.035014
 0.000366 0.877732 0.026243 0.095660
 0.000366 0.008919 0.000259 0.990456
 0.000366 0.999010 0.000259 0.000366
 0.825860 0.000259 0.164855 0.009026
 0.017687 0.921067 0.008919 0.052327
 0.017687 0.017579 0.000259 0.964475
 0.052331 0.008919 0.938384 0.000366
 0.999116 0.000259 0.000259 0.000366
 0.026347 0.000259 0.964368 0.009026
 0.000366 0.981690 0.008919 0.009026

MOTIF 18-CGCTGA STREME-18
letter-probability matrix: alength= 4 w= 6 nsites= 179 E= 1.1e-001
 0.026609 0.927936 0.018845 0.026609
 0.026609 0.018845 0.927936 0.026609
 0.026609 0.927936 0.018845 0.026609
 0.026609 0.018845 0.018845 0.935700
 0.026609 0.018845 0.927936 0.026609
 0.935700 0.018845 0.018845 0.026609

MOTIF 19-CACTGGTAATTA STREME-19
letter-probability matrix: alength= 4 w= 12 nsites= 120 E= 1.3e-001
 0.009342 0.990011 0.000268 0.000379
 0.873562 0.000268 0.098899 0.027272
 0.054167 0.945186 0.000268 0.000379
 0.000379 0.000268 0.009232 0.990121
 0.000379 0.000268 0.998975 0.000379
 0.125920 0.009232 0.864470 0.000379
 0.000379 0.027161 0.000268 0.972192
 0.999085 0.000268 0.000268 0.000379
 0.972194 0.009232 0.009232 0.009342
 0.009342 0.018197 0.000268 0.972192
 0.090044 0.000268 0.000268 0.909420
 0.990121 0.000268 0.009232 0.000379

MOTIF 20-CCCTCCTTACA STREME-20
letter-probability matrix: alength= 4 w= 11 nsites= 75 E= 1.3e-001
 0.000648 0.982893 0.000459 0.015999
 0.015999 0.936832 0.000459 0.046709
 0.046709 0.936832 0.015810 0.000648
 0.015999 0.031164 0.000459 0.952378
 0.000648 0.998244 0.000459 0.000648
 0.015999 0.967542 0.015810 0.000648
 0.015999 0.000459 0.000459 0.983082
 0.015999 0.015810 0.000459 0.967731
 0.954981 0.037541 0.000459 0.007019
 0.000648 0.998244 0.000459 0.000648
 0.998434 0.000459 0.000459 0.000648

MOTIF 21-CTCAAAACAGTTA STREME-21
letter-probability matrix: alength= 4 w= 13 nsites= 118 E= 2.5e-001
 0.000363 0.938879 0.000257 0.060502
 0.008951 0.000257 0.000257 0.990535
 0.017539 0.870151 0.000257 0.112053
 0.981947 0.017433 0.000257 0.000363
 0.990535 0.000257 0.008845 0.000363
 0.973358 0.000257 0.000257 0.026129
 0.956178 0.008845 0.000257 0.034720
 0.026127 0.938899 0.000257 0.034717
 0.938985 0.060396 0.000257 0.000363
 0.000363 0.000257 0.999018 0.000363
 0.180867 0.000257 0.017433 0.801442
 0.000363 0.034611 0.000257 0.964769
 0.947590 0.000257 0.043202 0.008951

MOTIF 22-TAACGATCCCTATTA STREME-22
letter-probability matrix: alength= 4 w= 15 nsites= 102 E= 2.5e-001
 0.000467 0.011394 0.000331 0.987808
 0.954612 0.000331 0.044590 0.000467
 0.954618 0.011394 0.033521 0.000467
 0.000467 0.987671 0.000331 0.011531
 0.022596 0.000331 0.976606 0.000467
 0.987808 0.011394 0.000331 0.000467
 0.000467 0.000331 0.011394 0.987808
 0.011531 0.910217 0.000331 0.077922
 0.044732 0.843816 0.033523 0.077929
 0.000467 0.987671 0.000331 0.011531
 0.000467 0.000331 0.000331 0.998871
 0.943549 0.000331 0.000331 0.055790
 0.000467 0.000331 0.011394 0.987808
 0.022594 0.033523 0.000331 0.943552
 0.965679 0.000331 0.000331 0.033659

MOTIF 23-GACCAGTACGGGACC STREME-23
letter-probability matrix: alength= 4 w= 15 nsites= 151 E= 3.3e-001
 0.026609 0.018845 0.927936 0.026609
 0.935700 0.018845 0.018845 0.026609
 0.026609 0.927936 0.018845 0.026609
 0.026609 0.927936 0.018845 0.026609
 0.935700 0.018845 0.018845 0.026609
 0.026609 0.018845 0.927936 0.026609
 0.026609 0.018845 0.018845 0.935700
 0.935700 0.018845 0.018845 0.026609
 0.026609 0.927936 0.018845 0.026609
 0.026609 0.018845 0.927936 0.026609
 0.026609 0.018845 0.927936 0.026609
 0.026609 0.018845 0.927936 0.026609
 0.935700 0.018845 0.018845 0.026609
 0.026609 0.927936 0.018845 0.026609
 0.026609 0.927936 0.018845 0.026609

MOTIF 24-AACGAAAATT STREME-24
letter-probability matrix: alength= 4 w= 10 nsites= 75 E= 5.1e-001
 0.935700 0.018845 0.018845 0.026609
 0.935700 0.018845 0.018845 0.026609
 0.026609 0.927936 0.018845 0.026609
 0.026609 0.018845 0.927936 0.026609
 0.935700 0.018845 0.018845 0.026609
 0.935700 0.018845 0.018845 0.026609
 0.935700 0.018845 0.018845 0.026609
 0.935700 0.018845 0.018845 0.026609
 0.026609 0.018845 0.018845 0.935700
 0.026609 0.018845 0.018845 0.935700

MOTIF 25-CCTTCAAAAAG STREME-25
letter-probability matrix: alength= 4 w= 11 nsites= 124 E= 6.2e-001
 0.000371 0.972648 0.000263 0.026718
 0.000371 0.998996 0.000263 0.000371
 0.017934 0.000263 0.000263 0.981541
 0.000371 0.000263 0.000263 0.999104
 0.009152 0.972651 0.000263 0.017934
 0.946412 0.017826 0.035391 0.000371
 0.999104 0.000263 0.000263 0.000371
 0.990323 0.000263 0.009044 0.000371
 0.981542 0.017825 0.000263 0.000371
 0.981542 0.000263 0.009044 0.009152
 0.000371 0.009044 0.990215 0.000371

MOTIF 26-ACATTTTKGCA STREME-26
letter-probability matrix: alength= 4 w= 11 nsites= 124 E= 6.2e-001
 0.956600 0.008760 0.017268 0.017372
 0.000359 0.990521 0.008760 0.000359
 0.896968 0.000254 0.000254 0.102523
 0.000359 0.000254 0.000254 0.999132
 0.008865 0.000254 0.000254 0.990626
 0.000359 0.008760 0.000254 0.990626
 0.000359 0.000254 0.000254 0.999132
 0.000359 0.008760 0.417469 0.573411
 0.008865 0.008760 0.973510 0.008865
 0.000359 0.982014 0.000254 0.017372
 0.982119 0.000254 0.017268 0.000359

MOTIF 27-ATTGATCC STREME-27
letter-probability matrix: alength= 4 w= 8 nsites= 78 E= 6.3e-001
 0.935700 0.018845 0.018845 0.026609
 0.026609 0.018845 0.018845 0.935700
 0.026609 0.018845 0.018845 0.935700
 0.026609 0.018845 0.927936 0.026609
 0.935700 0.018845 0.018845 0.026609
 0.026609 0.018845 0.018845 0.935700
 0.026609 0.927936 0.018845 0.026609
 0.026609 0.927936 0.018845 0.026609

MOTIF 28-CGTACTGGTRCCGTA STREME-28
letter-probability matrix: alength= 4 w= 15 nsites= 47 E= 1.0e+000
 0.001243 0.996634 0.000880 0.001243
 0.001243 0.000880 0.996634 0.001243
 0.030677 0.089196 0.000880 0.879247
 0.967563 0.000880 0.000880 0.030677
 0.001243 0.849424 0.118654 0.030679
 0.001243 0.000880 0.000880 0.996997
 0.030677 0.000880 0.967200 0.001243
 0.030677 0.000880 0.967200 0.001243
 0.001243 0.000880 0.000880 0.996997
 0.437450 0.150643 0.324828 0.087078
 0.001243 0.996634 0.000880 0.001243
 0.001243 0.996634 0.000880 0.001243
 0.001243 0.000880 0.996634 0.001243
 0.001243 0.000880 0.000880 0.996997
 0.908695 0.000880 0.059748 0.030677

MOTIF 29-TATCGATA STREME-29
letter-probability matrix: alength= 4 w= 8 nsites= 44 E= 1.0e+000
 0.026609 0.018845 0.018845 0.935700
 0.935700 0.018845 0.018845 0.026609
 0.026609 0.018845 0.018845 0.935700
 0.026609 0.927936 0.018845 0.026609
 0.026609 0.018845 0.927936 0.026609
 0.935700 0.018845 0.018845 0.026609
 0.026609 0.018845 0.018845 0.935700
 0.935700 0.018845 0.018845 0.026609

MOTIF 30-CGAGTACGGGACC STREME-30
letter-probability matrix: alength= 4 w= 13 nsites= 55 E= 1.1e+000
 0.087603 0.910320 0.000861 0.001216
 0.001216 0.000861 0.939121 0.058802
 0.968271 0.000861 0.000861 0.030007
 0.001216 0.000861 0.910320 0.087603
 0.030007 0.000861 0.000861 0.968271
 0.968271 0.000861 0.029652 0.001216
 0.030007 0.967917 0.000861 0.001216
 0.001216 0.000861 0.996707 0.001216
 0.001216 0.029652 0.955969 0.013163
 0.174033 0.000861 0.809495 0.015611
 0.968271 0.000861 0.029652 0.001216
 0.001216 0.996707 0.000861 0.001216
 0.001216 0.996707 0.000861 0.001216

MOTIF 31-ATATACATATKT STREME-31
letter-probability matrix: alength= 4 w= 12 nsites= 69 E= 1.8e+000
 0.824098 0.035345 0.017933 0.122625
 0.000735 0.104223 0.014972 0.880070
 0.893746 0.017933 0.087586 0.000735
 0.035559 0.052757 0.017933 0.893752
 0.980811 0.000521 0.017933 0.000735
 0.002355 0.936917 0.017933 0.042795
 0.931533 0.035347 0.000521 0.032598
 0.000735 0.017933 0.000521 0.980811
 0.966360 0.007746 0.025158 0.000735
 0.035559 0.072878 0.070168 0.821395
 0.176800 0.052759 0.269033 0.501408
 0.227198 0.052765 0.035345 0.684692

MOTIF 32-GATTCTGCCAAA STREME-32
letter-probability matrix: alength= 4 w= 12 nsites= 39 E= 4.1e+000
 0.001201 0.029283 0.968315 0.001201
 0.997099 0.000850 0.000850 0.001201
 0.001201 0.057716 0.000850 0.940233
 0.001201 0.000850 0.000850 0.997099
 0.001201 0.883002 0.000850 0.114947
 0.001201 0.000850 0.000850 0.997099
 0.029634 0.000850 0.854579 0.114937
 0.001201 0.968315 0.029283 0.001201
 0.029634 0.911450 0.000850 0.058067
 0.940233 0.029283 0.000850 0.029634
 0.997099 0.000850 0.000850 0.001201
 0.940233 0.000850 0.000850 0.058067

MOTIF 33-CGCTGCCATC STREME-33
letter-probability matrix: alength= 4 w= 10 nsites= 112 E= 5.4e+000
 0.017660 0.964173 0.000507 0.017660
 0.000716 0.000507 0.943946 0.054831
 0.124860 0.823084 0.017451 0.034604
 0.034604 0.167113 0.051340 0.746943
 0.075525 0.000507 0.872411 0.051557
 0.034607 0.916218 0.007538 0.041636
 0.034607 0.899274 0.051340 0.014779
 0.760997 0.000507 0.153049 0.085446
 0.017660 0.068324 0.051349 0.862667
 0.029153 0.969625 0.000507 0.000716

********************************************************************************
Stopped because 3 consecutive motifs exceeded the p-value threshold (0.05).
********************************************************************************
COMMAND:	streme --verbosity 1 --oc meme_output/streme_out -dna --seed 0 --p meme_output/seqs-centered --minw 6 --maxw 15 --order 2
********************************************************************************
CPU:		5f71ac214b4c
********************************************************************************
FINALTIME:	545.39 seconds
********************************************************************************
